1780167026199 0.11465565525841984 0
1780167026328 0.024717171612957663 1
1780167026451 0.01422121276316995 2
1780167026585 0.009074300559322264 3
1780167026717 0.006912532865747132 4
1780167026842 0.005980535259533843 5
1780167026968 0.005806935432536358 6
1780167027095 0.005291721693621102 7
1780167027224 0.005357419526924125 8
1780167027354 0.004465536267327314 9
1780167027479 0.004127564951142465 10
1780167027606 0.0039064879846674476 11
1780167027729 0.004083694366272539 12
1780167027911 0.0037363571014297618 13
1780167028131 0.00347061522717757 14
1780167028330 0.003357591067800637 15
1780167028453 0.0035291517031675376 16
1780167028580 0.0033362366375513375 17
1780167028709 0.0032344593888741324 18
1780167028837 0.003210959146434272 19
1780167028959 0.003036435214612125 20
1780167029083 0.002939621039496904 21
1780167029203 0.002894553858575157 22
1780167029327 0.00282799096418206 23
1780167029449 0.003118090527343818 24
1780167029576 0.0028199206598484043 25
1780167029715 0.0028675632281440562 26
1780167029854 0.0027315308556849645 27
1780167029971 0.0028484449616040697 28
1780167030089 0.0026376010791864246 29
1780167030210 0.0025243557108544997 30
1780167030331 0.002513684390578419 31
1780167030451 0.002667591864751144 32
1780167030570 0.002701039891690016 33
1780167030690 0.0025536697887053542 34
1780167030806 0.0024044904196423226 35
1780167030937 0.0025866090939168566 36
1780167031054 0.0024852421034169806 37
1780167031176 0.002211140222656964 38
1780167031293 0.002111410359661518 39
1780167031414 0.002229044356764379 40
1780167031543 0.002092176089222035 41
1780167031667 0.0022555584225549615 42
1780167031791 0.002448751432397826 43
1780167031909 0.0022163359707602385 44
1780167032025 0.0020968867068983277 45
1780167032150 0.0022918058331759476 46
1780167032273 0.002036112150314941 47
1780167032389 0.002144369981992482 48
1780167032512 0.0018913443253206258 49
